01010110
00111011
00111001
10010010
10001001
01011000
01001001
10001001
10000011
01011000
00111010
00100100
00101110
01000100
10000110
10010010
01100100
00111000
10001010
10001110
01100010
00111100
10001001
01100010
10010011
01101001
01101011
00111000
00111000
10000100
01011001
01011001
00111001
10000000
01010100
01011001
01011001
00100101
10001001
01110000
01011010
01011010
01011111
00101010
00111010
00111000
01110110
01011101
00111000
00111001
01111010
01010110
01001000
00101010
01011000
01011011
01101100
01011010
00101010
00101100
10000100
00111001
00111000
00100110
01110111
10001010
00101010
00101010
00101010
00101010
00111111
01011000
00100011
00101000
10001011
01111001
01011000
01011001
00111000
01000110
10010001
01010110
01001010
10010000
10000011
10001110
00111000
00101010
01000000
10100011
01111110
01011000
01101100
01011010
01100010
00111110
01001110
01100010
00110011
01111011
01011101
01010100
01011000
00111000
00111000
00111000
01011000
01101010
01100100
01101101
00110100
00101110
01010010
01001110
01001101
00101010
00011110
00011110
00101010
01100100
10000111
01011100
00110010
00111001
01001010
00100101
00110010
00111110
00111001
10001001
10001001
10001010
01011100
00110010
10001110
01110110
10001010
10001010
01101101
01000100
01111001
01101001
00111010
00111000
00111000
01011010
01100010
01011010
01101001
00100010
00111101
01001010
10001000
10001001
01000011
01011000
00100000
00111000
10001010
10001001
00100101
00110000
01100100
01011000
00100100
00111000
00111000
00111110
00101110
01011000
01011001
00100100
00110101
10001010
10001010
01011110
00101010
00110101
00101010
00101110
00111000
10000010
10010000
01011101
01001010
00100011
00111000
00111000
10010000
01100000
01101110
01011001
00111000
01111110
01110111
01110100
00101101
01010111
10000010
01101100
10001100
10001011
00111000
00111001
10001010
01011111
01011111
00101111
10000010
10000111
01101011
01100010
00111111
00110101
00100100
00111101
01001101
01011111
01010110
00111000
01010101
01100100
01011001
00101010
00111101
01101000
10000010
01011001
01001110
01011000
01011010
00110001
00110101
00110000
01011000
00111000
01000011
00101010
00101010
00111010
01100010
00101000
01010000
01100011
01011010
00101011
00111100
10000010
01011001
01011001
00100100
01000000
10000100
10001010
00111000
01011011
